baidu
0.40098953462285625
96.74927926063538
[6, 8, 9, 11, 14, 17, 21, 23, 25, 31, 35, 45, 48, 53, 58, 61, 65, 70, 74, 85, 88, 89, 95]
87.01298701298701
tencent
9.637740196028098
204.62951612472534
[6, 8, 9, 11, 14, 17, 21, 23, 25, 31, 35, 43, 45, 48, 53, 58, 61, 65, 70, 74, 85, 88, 89, 95]
15.789473684210526
xunfei
4.833283232993081
266.88687801361084
[6, 8, 9, 11, 14, 17, 21, 23, 25, 31, 35, 41, 45, 47, 48, 53, 58, 65, 68, 69, 70, 73, 74, 85, 88, 89, 95]
35.61643835616438
ali
1.8985627722543477
1204.1960053443909
[6, 8, 9, 11, 14, 17, 21, 23, 25, 31, 33, 35, 41, 45, 47, 48, 53, 58, 65, 68, 70, 73, 74, 77, 85, 88, 89, 95]
87.5
huawei
7.25362694493714
78.30046820640564
[]
32.467532467532465